-27.47214 5.62190
-40.39595 -81.04367
-17.06685 6.46821
-46.22081 -8.86734
-42.39441 -84.80911
-26.34932 -66.17307
11.28034 22.39042
21.08059 9.97065
43.58214 63.53521
14.34291 1.79604
-11.38277 -31.34507
49.61636 94.23167
38.44082 -70.22047
34.80724 25.41132
-11.32191 46.22015
-33.46088 17.09853
12.06246 -97.38546
-18.50709 -107.98810
-49.02276 104.16118
53.524929 -2.217329
19.12065 -103.71582
-45.21346 -20.51236
16.35283 -32.44305
18.37976 -62.02159
29.92120 -36.89540
-28.73002 -69.82550
24.53109 -95.40342
5.90796 9.59910
-6.56653 8.13997
-44.57960 115.02015
0.31443 -77.76685
5.62398 77.63135
31.94254 106.09110
-20.30702 17.76503
9.33046 87.69257
-34.08135 69.54643
41.31791 2.10019
-31.10899 76.34067
45.23656 109.08385
17.92773 41.46634
3.63295 71.28352
-17.34010 -7.86287
44.84167 -105.00165
-25.58041 -69.82850
-12.00741 103.82536
-35.61161 95.44721
43.12466 12.888219
28.67733 -10.33470
48.83345 -54.44343
9.83986 13.72313
-18.50005 -37.13763
0.48522 -59.06518
-7.80597 79.72173
-45.93530 11.29673
42.69432 75.87933
-34.96667 111.15802
-49.67070 61.50810
-35.80815 9.03101
-14.30867 -8.79589
9.65670 -95.72793
40.415129 -3.695529
11.50723 -91.27609
21.88276 -90.87290
26.97289 -1.47228
-49.28440 -65.00797
-49.19182 63.88035
-12.02385 -92.24266
34.00773 -71.71886
41.31791 2.10019
-10.36288 58.61460
-19.33357 33.86753
-14.58864 91.82821
29.91662 -11.12587
-16.11550 30.98396
27.49367 1.01617
37.79453 -1.71905
-41.69711 19.12195
33.21690 18.93547
37.39129 101.01975
45.31587 -111.60174
37.87076 -62.80859
-9.23162 69.03778
33.826629 -84.36288
-35.47003 -90.98637
26.32061 -39.72706
16.96803 -86.23550
-23.84641 -36.00297
19.33414 42.01443
-45.12312 -29.64232
-39.98563 -111.76975
40.97788 -84.32802
25.68918 -80.31842
-13.42417 -48.97663
-1.28682 55.25884
-32.31450 37.18366
18.15599 -71.84960
9.44628 -118.07326
0.29516 33.64194
41.45188 60.83554
19.82719 115.38727
-31.47937 92.23783
37.34111 -62.19057
32.70210 8.89436
-11.31413 73.21721
5.47661 -36.76922
21.21835 -116.55400
43.26987 5.39621
-11.99635 66.70928
17.65248 88.41398
28.02302 -39.13465
31.03660 -97.44972
9.55033 51.26316
14.50874 -10.34834
-32.67387 -71.37410
24.00928 -43.25961
20.65507 -62.70394
8.56641 -28.58294
-13.19805 66.76515
38.91296 114.22597
13.07209 -77.04660
-35.82814 -70.02191
30.85666 12.11202
-2.00563 -56.00950
20.54167 -14.37314
55.68456 12.51629
15.80126 -58.98687
-43.48167 -46.43887
-47.99548 -14.77053
32.43208 -113.86112
38.20723 49.07732
-45.47154 73.62688
-17.55055 -111.15567
-44.38104 97.97381
31.39696 -116.33313
37.75752 -113.67124
-3.51261 -38.69371
-3.51430 26.22260
11.84688 -78.91803
51.70193 5.25761
3.71897 20.94971
27.01973 -9.35444
24.68288 69.14155
-48.41663 -29.53941
34.95597 49.54790
-18.97924 59.78886
40.73232 31.18867
9.42409 -54.67185
40.86206 -74.12804
32.47487 -64.10510
-47.33563 -37.77127
3.55127 29.80176
34.76578 -95.19202
-17.82397 113.16066
-45.90334 63.42939
31.48610 -33.77734
-24.86809 -107.33092
-11.65627 54.40538
8.86244 76.81438
-14.89367 85.90563
33.68402 -84.87156
-1.64543 -89.70610
-26.49757 25.56032
20.70936 -96.83069
-33.44542 67.55022
-0.74439 65.09481
48.13331 117.83886
31.05559 91.75880
22.21708 106.07425
40.40861 17.47755
7.39961 77.26154
-5.91516 -99.52938
-48.29434 -29.83779
-45.24855 35.53363
-4.76316 111.79230
29.90897 -110.75353
42.65972 -7.30614
-43.36476 -115.63508
40.38911 -80.07551
-40.66160 19.93510
10.04487 76.29581
-40.59462 -86.89596
-0.98129 -52.97344
6.37763 59.42607
-27.90335 27.74000
41.31518 -64.20559
-24.42451 -101.24153
-6.23943 -25.45069
41.04681 -47.29579
-1.82888 68.25656
27.37784 -15.54723
30.54570 -76.70712
36.35145 68.74364
-39.67863 36.19285
23.49150 -54.12812
26.65114 -114.83507
-49.56885 14.43765
47.53563 24.34673
-13.59221 -48.96220
33.68402 -84.87156
-30.24336 83.90855
39.96136 21.30452
32.47103 103.56529
-46.88159 -33.11877
33.40013 58.76957
-48.53540 48.91801
5.84856 74.35123
53.53451 -2.08646
-47.32020 -109.85238
-45.98199 -56.00319
-18.53614 71.34825